-4.418123222323329380e-02 -4.539305615744886335e-01 2.964091991175433760e-01 -1.054145971566742723e+00 -1.093067208822657621e+00 -1.033716159788340416e+00 -1.017387023036901761e+00 -1.032516347817434399e+00 -1.096927179842656974e+00 -1.035114452659283701e+00 -1.154173775603753338e+00 -1.065998504362903887e+00 -9.989331427923453521e-01 -1.154596011763681096e+00 -6.786377211375705931e-01 1.577148542486703553e+00 -2.276559347313305004e+00 -4.336515964468403705e-01 -1.308067261783614654e+00 -9.237149711614823788e-01 -8.128913026529721586e-01 -1.305308322908116603e+00 6.009252125773315578e-01
1.928592873202516156e+00 4.484147520330029613e-01 2.566339535663147320e+00 -8.062816574297124728e-01 -1.093067208822657621e+00 -6.911436688101812997e-01 -6.966260709939774420e-01 -6.927132250869646457e-01 -6.377776148855813787e-01 -6.663267053473236334e-01 -5.335211442487799438e-01 -6.156804928777407371e-01 -7.130521035025321197e-01 -5.339192760944455607e-01 -5.335685384500528095e-01 2.816231745250521445e-01 -3.655406476131163318e-01 -1.458646445140103109e+00 -9.994247603110671951e-01 -7.457946512353598179e-01 -2.952422302898225492e-01 -1.008673566174397740e+00 -1.664100588675687664e+00
7.371773472841316455e-01 1.169696568815478399e-01 1.112943324242038345e+00 2.830747768376914220e+00 1.565836581797768412e+00 2.857230651321617021e+00 3.055837669343794527e+00 2.856184948824207925e+00 2.732254397497993814e+00 2.824863969205896996e+00 2.318938249017653774e+00 2.882184412123240058e+00 3.479619033239912618e+00 2.319036172465883006e+00 1.949397981900654830e+00 -2.387936792473434711e+00 5.716904890802149142e-01 8.660976215558593427e-01 2.315968815952571092e+00 1.590560633952017966e+00 2.460992331694150881e+00 2.682986789182231657e+00 6.009252125773315578e-01
4.048793143087892621e-01 6.651729885898530203e-02 -8.825505944028594341e-01 -3.839006323186509584e-01 -4.283412611675511683e-01 -3.528004678440980202e-01 -3.407132337956640944e-01 -3.543200738201067179e-01 2.486326342842902992e+00 2.382318672431545270e+00 2.681852450592070003e+00 2.560246535491303099e+00 1.958430976808327895e+00 2.681579194355858675e+00 6.548570113905144430e-01 -1.787181202960822057e+00 1.029640483693704978e+00 5.060345017312298799e-01 -1.896762220360607987e-02 1.121366042683099806e+00 1.736126079601774785e+00 -6.932200012012433576e-02 6.009252125773315578e-01
5.024786007226856865e-01 -2.415838498608881280e-02 5.679825788128665121e-01 -7.051125496186797514e-01 -7.607042349951043114e-01 -6.657679287377251676e-01 -6.043523724610813108e-01 -6.673337387419503441e-01 6.195374266886567449e-01 3.970112994021609554e-01 6.996936744770240191e-01 7.441613970675869938e-01 4.402521944745301785e-01 6.997287112506149764e-01 2.978927956571088553e-01 -1.495540328904105598e+00 1.023170232592415241e+00 -6.253524288263237474e-02 -5.853856033608064724e-01 1.595785047913959698e+00 7.810082900350484580e-01 -6.751647293360868440e-01 6.009252125773315578e-01
-8.865732230310542361e-01 -7.509800265393178353e-01 -7.657255670737125874e-02 1.138694440237391747e+00 1.565836581797768412e+00 9.455915658632465526e-01 1.974917200815584195e+00 9.470835870936844536e-01 1.546642164697875188e+00 1.349712979958057391e+00 1.490245629499001634e+00 2.169180893938398746e+00 1.046620925178713080e+00 1.489926094774886689e+00 -3.206660805243903289e-01 -3.321762684263837584e-01 -6.393888551832179745e-01 1.963395308779009696e+00 1.281573069764266215e+00 1.271501979266169258e+00 -6.362633551102526985e-02 1.628944456860467405e+00 6.009252125773315578e-01
-1.776466763872865673e-01 -4.278791319574261620e-01 -1.042837023397346963e+00 4.102768639979560428e-01 2.363846864875553677e-01 6.199362349333911171e-01 9.868533064669800237e-02 6.185602360721098592e-01 1.669291706022025368e+00 1.441909916786047408e+00 2.183712256711263233e+00 8.221770174783935570e-01 1.080475258778822445e+00 2.183419654181853797e+00 5.611082451124588949e-02 -6.957642655421765465e-02 -7.300060352817816511e-02 2.082241975387524036e-01 -4.827325101106357819e-01 -1.238024158609201786e+00 -6.190713536771391690e-01 -7.077129369657966240e-01 6.009252125773315578e-01
-4.296352132801493084e-01 -4.580160614870586455e-01 3.544348970968677071e-01 -7.759309250864027119e-01 -7.607042349951043114e-01 -8.560859792811469360e-01 -7.845057838824498475e-01 -8.548599434023340660e-01 -9.528925902876290710e-01 -9.244781284656956588e-01 -9.380433434559320993e-01 -9.326806720153225649e-01 -7.965594597161355095e-01 -9.380719115488391768e-01 -5.651345180163183102e-01 9.111736857799732636e-01 -3.370006359060583878e-01 -1.233300209791379443e+00 -7.602981280846530243e-01 -8.177358869284596654e-01 -8.784021097315940496e-01 -7.499422756299458648e-01 6.009252125773315578e-01
-3.113378358298183324e-01 1.287167426650728252e-01 -6.971743344176886126e-01 -5.837096202454404859e-01 -4.283412611675511683e-01 -6.911436688101812997e-01 -5.648065016612687783e-01 -6.913032536233527647e-01 -7.994234206307435642e-01 -8.384276540929049837e-01 -8.039731288615615812e-01 -7.638114177083863421e-01 -6.318017028622694431e-01 -8.039964900634921641e-01 -4.784959783557173885e-01 7.812273722762212991e-01 7.002485680394738843e-01 -1.029093060038610119e+00 4.111097764772366214e-01 -6.082912474534341724e-02 -4.337163755167948720e-01 4.274425679090730901e-01 6.009252125773315578e-01
-8.742943118818499171e-01 -8.241930000349022567e-01 -1.836414434872995771e-01 -4.623066908722012203e-01 -9.597828733999783091e-02 -5.684942584599761428e-01 -2.704094634848861478e-01 -5.686357362891167888e-01 -5.440607858737948055e-01 -5.618368436089349327e-01 -6.976415793556816070e-01 -4.329856855866110465e-01 -1.879337734386120617e-01 -6.976608109544238934e-01 -4.395422163377728508e-01 2.653798853370833988e-01 1.070451321690270907e+00 -8.263011541520094427e-01 1.403880215483641336e-01 -3.063370020629481716e-01 -9.164335695930633241e-01 1.962596097259118322e-01 -1.664100588675687664e+00
-1.241442783854198595e+00 -9.658712089730594474e-01 -4.246611788228885076e-01 1.571734353492847125e-02 5.687476603151085941e-01 1.293385935325706004e-01 7.232141678015621689e-02 1.293001381987776144e-01 -2.182532863563083347e-01 -2.852460331249650483e-01 -1.116622793613211151e-01 -2.374528648101586481e-01 -3.368928412790936355e-01 -1.112734790558659731e-01 -3.448442776389765152e-01 -3.604789692842082505e-01 5.888263139146809877e-01 1.293537098097758076e+00 7.195562398988597508e-01 -8.951126240163070902e-01 1.693078965837760130e-01 7.960240592037960417e-01 6.009252125773315578e-01
-9.346054342911770396e-01 -7.951258398090599311e-01 -5.231628062401445511e-01 1.295325898223402550e-01 5.687476603151085941e-01 1.927779437137112084e-01 3.716953162476715339e-02 1.913388825977017371e-01 5.560112540028149253e-01 6.551627225205328697e-01 4.581361326647533372e-01 2.750801351038755227e-01 6.712139814797213333e-01 4.581617880571879353e-01 1.487939134504933647e-01 -7.498256889109813361e-01 1.874416951682460919e+00 6.961987105071099080e-02 2.269912272431455769e-01 3.687997658370515408e-01 1.162035369779355204e-01 2.550326533223306047e-01 6.009252125773315578e-01
-1.097617008408003914e+00 -9.269417945941800241e-01 -2.348045918750956695e-01 -7.835186081722301799e-01 -4.283412611675511683e-01 -7.461244389671698451e-01 -6.570802001941647985e-01 -7.477021121678291138e-01 -7.591692121961506334e-01 -7.892559544513102487e-01 -7.380937992763967337e-01 -7.065341267738701747e-01 -7.092905108802978198e-01 -7.381146019198302488e-01 -6.447210835184981059e-01 1.203799001605657892e+00 1.404353701582539138e+00 8.522318145632586939e-01 -3.919552467078036284e-01 -4.099677386060071038e-01 -8.150136362376676491e-01 -4.405995025889946071e-01 6.009252125773315578e-01
-1.692500680279045155e-01 -4.456678672375947725e-01 5.887669248687372736e-01 -5.128912447777176364e-01 -4.283412611675511683e-01 -5.008256182667594203e-01 -4.241989610397128851e-01 -5.023670774993571619e-01 -5.931206024034548774e-01 -6.110085432505296676e-01 -5.982446961219242132e-01 -5.514904254511275861e-01 -4.813379979728941160e-01 -5.986453416390956628e-01 -5.456576370073459303e-01 2.129583611395467202e-01 -8.491254422519584066e-01 9.522483525990266262e-01 5.791326074780329958e-02 1.857932888325892692e-02 8.484519366283037600e-01 -2.449468705179658895e-02 6.009252125773315578e-01
1.045188416295238509e+00 6.910512174624941495e-02 1.792576141591585515e+00 -1.061733654652569969e+00 -1.126303506205412974e+00 -9.618182295830478568e-01 -9.866291235259363468e-01 -9.634277461004511212e-01 -1.144729052358735899e+00 -1.090432614756077445e+00 -1.154173775603753338e+00 -1.042297556390000324e+00 -1.113285558508270601e+00 -1.154210737564010492e+00 -7.360609392847129451e-01 2.629270683071061487e+00 -1.243672884977926829e+00 4.737167810404692148e-01 -1.874984072436731708e+00 -4.783204879414097443e-01 -2.222911263868990073e+00 -1.759365623019566005e+00 -1.664100588675687664e+00
-7.575092267973219107e-01 -5.722877996900195274e-01 -2.709226283724321810e-02 9.312977692247743633e-01 1.233473607970215324e+00 6.114776549092389990e-01 1.601428421039576167e+00 6.101004072904382403e-01 2.113345942816128531e+00 2.234803573506761509e+00 1.925973826930705846e+00 2.820956963193239186e+00 1.631924737198382935e+00 1.926441763001605745e+00 -1.124649387043416826e-01 -7.175852209772851653e-01 -3.590703965118266505e-01 1.860082506548619286e+00 1.638699080880793746e+00 1.593634594692251216e+00 3.278034438418840901e-01 2.070600105570838068e+00 6.009252125773315578e-01
5.360876056880631291e-01 2.150624078995674315e-01 6.517100548802076121e-01 2.762277961483376454e-01 -9.597828733999783091e-02 2.985101940156122957e-01 3.842943975342333340e-01 2.970867423685946695e-01 9.679879184506018364e-01 1.103854481750084160e+00 9.585878819696016517e-01 1.092762840169039684e+00 9.450579243783844285e-01 9.590182476288863223e-01 1.665304165804266212e+00 -2.494256503521959267e+00 9.467188485752003890e-01 5.345006093684931958e-01 1.343458982790755263e+00 2.120574791798083947e+00 3.533772403478740554e+00 1.622228938117590724e+00 6.009252125773315578e-01
-9.201029973272588369e-02 -4.794216358419466362e-01 4.085266494504749546e-01 -8.644538944210563569e-01 -7.607042349951043114e-01 -8.687738493173750021e-01 -9.207193388595820149e-01 -8.675496865748413278e-01 -8.327589369906408523e-01 -7.708165670857122231e-01 -9.646262308324019541e-01 -8.625653675954836341e-01 -7.010150071113820935e-01 -9.650411055257767101e-01 -5.389414711421830484e-01 1.189278485513382222e+00 -9.971927562670082068e-01 -2.766670141779094538e-01 -8.116125436422311212e-01 4.535249841794481984e-01 3.610813096029380498e-01 -1.156868398578795976e+00 6.009252125773315578e-01
-1.027171269995013292e+00 -7.866390033323243935e-01 -2.077259328180775799e-01 -2.675561583359632456e-01 -9.597828733999783091e-02 -3.231954377595658290e-01 -7.268010948582327713e-02 -3.247106730842567179e-01 8.516280971943565037e-01 7.166273470725261774e-01 8.799949975522121104e-01 9.189558883677486634e-01 8.404856494802688260e-01 8.804223108960966826e-01 8.902003725054394301e-02 -1.056725410386699426e+00 1.561993441884427902e+00 -1.612798528867805947e-01 4.174140496396392952e-01 1.414922696893107013e+00 7.201590370799549889e-01 3.506062494458649925e-01 6.009252125773315578e-01
1.003557766718763712e-02 -1.571358035867524150e-01 6.067756537331304711e-01 4.254522301696109787e-01 2.363846864875553677e-01 2.181536837861675071e-01 2.964146846457607065e-01 2.181283404063278919e-01 7.679748202912182187e-01 5.260870109613466905e-01 2.928599198458310404e-01 7.036722776138770730e-01 1.588290262780464257e+00 2.932644305981980115e-01 3.697557704143513146e-01 -1.193070595388743049e+00 1.523851459364953920e+00 -5.304435282052583078e-01 1.173570660985899128e+00 1.654137530120190824e+00 1.328930393619696115e+00 1.499989340562486673e+00 6.009252125773315578e-01
-9.659347149439264646e-01 -7.595483692487229321e-01 -3.144014250354342233e-01 -2.473223367737566458e-01 -9.597828733999783091e-02 -2.682146676025773391e-01 -8.586206641909416293e-02 -2.669018430761684324e-01 1.575574877010238461e+00 1.312834205226861339e+00 1.650898731469842007e+00 1.664548210015332153e+00 1.455882202477814191e+00 1.651355984436841728e+00 4.788934657232478131e-01 -1.292991434938976392e+00 1.285604405114732618e+00 -1.267049078018725183e-01 1.076106753172822339e+00 1.178280491753343151e+00 8.299816789135341377e-01 9.151509893123838113e-01 6.009252125773315578e-01
-1.116035375131809948e+00 -9.377719352601703307e-01 -4.798019833433536108e-01 -2.727952728476043878e-02 5.687476603151085941e-01 -1.244188071919919564e-01 -5.510416690812874191e-02 -1.244947252513657621e-01 1.357321590653930432e+00 1.097708019294884929e+00 1.404718078809489512e+00 1.432476427780653649e+00 1.092512355169972471e+00 1.405165770847368822e+00 2.575958004661316192e-01 -1.215958866517244719e+00 1.408233882608274312e+00 5.083096406046924143e-01 4.487587871087390101e-01 1.393035568704063420e+00 2.537902919715780137e-02 5.314963446349264542e-01 6.009252125773315578e-01
-2.657207780494106331e-01 1.471572679015201057e+00 -7.058071595407897636e-01 -1.410947735721722329e-01 -9.597828733999783091e-02 -4.627620081580751665e-01 -1.737417793075666239e-01 -4.642978479818355431e-01 -4.572626489367038749e-01 -4.327611320497489755e-01 -5.762849195935358937e-01 -4.556990940606433504e-01 -9.389395788275235744e-02 -5.759141638585340006e-01 -1.359715192324117694e-01 8.178149542458433563e-02 7.145875111193484841e-01 -1.271887998243652840e+00 3.141340228206699892e-01 3.294055736896839282e-01 -2.741217626523255180e-01 2.261608245664585015e-01 6.009252125773315578e-01
4.946688520873461226e-01 -1.212424963748203188e-01 1.157331344052210831e+00 -4.774820570438561562e-01 -7.607042349951043114e-01 -3.697176278924022008e-01 -3.978350471731713078e-01 -3.684197884562258052e-01 -4.075738604002530630e-01 -4.512005194153470011e-01 -3.624660428697554782e-01 -3.105307877266106353e-01 -4.414651161772096821e-01 -3.620869830413858126e-01 -5.634554765500274787e-01 2.990970159242313242e-01 -1.326269530315087986e+00 1.131196086512565424e+00 -3.745350337667441853e-01 4.276203290406441898e-02 3.013473646030669917e-01 -4.152079791670222897e-01 6.009252125773315578e-01
1.208831993191803456e+00 4.910323234401876569e-01 -5.588524351667871759e-01 -9.051021966665594165e-02 -4.283412611675511683e-01 4.475279329104975973e-02 -1.737417793075666239e-01 4.611182184567501341e-02 -1.446635615618167836e-02 3.637702269403662175e-03 1.576339275394400552e-01 -4.393543076609315867e-03 -2.405960701498933707e-01 1.576479123141690530e-01 -1.524261256020606747e-01 -7.023263735582845335e-01 -6.218689515162563186e-01 -5.812489915528211704e-01 -4.188590429836846485e-01 -1.127902483507366771e+00 1.133036838105753397e+00 -3.776108778839087909e-01 -1.664100588675687664e+00
1.737017260916005890e-01 -4.055132603178795980e-02 -8.366108515958766700e-01 3.596923100924397376e-01 2.363846864875553677e-01 2.519880038827757573e-01 2.568688138459481740e-01 2.519676555330137568e-01 -7.013037875714233094e-01 -6.048620807953303258e-01 -8.432695710702563519e-01 -7.045590477761281001e-01 -5.279817464886004119e-01 -8.432944584298869284e-01 -1.631719909863212914e-01 4.504549379030333700e-01 -9.541168379762317020e-01 3.007703976986623173e-01 2.001922433905319321e-01 8.040156076623457271e-02 8.836193289736911094e-01 1.991639490362434595e-01 6.009252125773315578e-01
1.380375604835099690e+00 2.919941032607082376e-01 -4.607223470586268577e-01 -4.951866509107867853e-01 -7.607042349951043114e-01 -8.180223691724625157e-01 -8.943554249930402156e-01 -8.182006853484244946e-01 -9.277337100160085726e-01 -8.507205790033036674e-01 -9.114604560794621335e-01 -1.017609068918226001e+00 -8.454601638051826296e-01 -9.111027175719015325e-01 -5.315536886905040115e-01 6.350377695844996451e-01 -3.181315322377623600e-01 -2.382263255369386545e+00 2.392775724149460992e-01 2.302162755869205935e+00 1.516220918352816582e+00 2.567115330080498303e-01 6.009252125773315578e-01
6.341383226589151212e-01 -8.440167920810244528e-02 1.134689301450862331e+00 -8.644538944210563569e-01 -1.093067208822657621e+00 -7.884173390879302135e-01 -8.108696977489915358e-01 -7.871813131489625581e-01 -8.245823009023641736e-01 -8.015488793617089325e-01 -8.386464602221745945e-01 -7.509734042230636897e-01 -7.258415184181290503e-01 -8.386711680338405639e-01 -6.739364050319565091e-01 1.095756517461439650e+00 -1.855165779013341121e+00 7.795169430090431728e-01 -1.242587641318643410e+00 -1.997200110694979491e+00 -1.145320390663328788e-02 -1.029126487309181659e+00 6.009252125773315578e-01
-6.209289117902717647e-01 -5.539590856184140044e-01 -8.616788273330836523e-01 2.405837515570576457e+00 2.562925503280427897e+00 2.472365260222697536e+00 2.537347363301807768e+00 2.474082682185380744e+00 2.135988935060586957e+00 1.976652150388389151e+00 2.028838043300524863e+00 1.985498547148398130e+00 2.238293467902566114e+00 2.028924700113968527e+00 3.216738480656885724e+00 -1.708179751001154489e+00 1.427871143941564558e+00 -1.296341262513548864e+00 1.514925313857014233e+00 1.258177085070308676e+00 7.377170162002825160e-01 1.926081652040277481e+00 6.009252125773315578e-01
4.227108213085526978e-01 3.584624360028726420e-01 -8.910741432585793653e-01 1.922755025772895143e+00 1.233473607970215324e+00 1.283934766829329721e+00 1.021422315975658357e+00 1.285476738360542326e+00 -2.931009551643795619e-01 -3.938753491699170661e-02 -2.307073836994258664e-01 -2.927550767469330184e-01 -4.000875973326313284e-01 -2.307084809537327530e-01 2.837946725861700603e+00 -1.013409972552115734e+00 -8.592789108751388572e-01 -1.074989956052873508e+00 -9.932621780171544401e-01 -7.433275668644426792e-01 8.500409797586815364e-01 -8.330774565636624995e-01 -1.664100588675687664e+00
-7.813221886767531821e-01 -6.640434411179674257e-01 -3.673567042082789835e-01 2.129971037664421529e-01 5.687476603151085941e-01 2.858223239793841741e-01 2.017646469378285914e-03 2.858069706596993997e-01 -1.509532816297231850e-01 -1.315844717449817791e-01 -1.474913884339545400e-01 -2.591787337853199702e-01 -1.074356913227963728e-01 -1.478745280245672700e-01 6.431037211264796216e-01 -1.183062941181248634e-01 7.095353972457389968e-01 -8.099989779720780936e-01 8.720136734232499798e-01 4.170068583040584809e-01 -9.535148520460788868e-01 -3.814588211051920252e-01 6.009252125773315578e-01
-9.868585212588387723e-01 -7.968476589742080618e-01 -2.396127476398607625e-01 -3.231991676320311591e-01 -9.597828733999783091e-02 -3.485711778320219612e-01 -1.825297505964138811e-01 -3.472702165020472020e-01 1.804520687481985908e+00 1.564839165890034245e+00 1.852004053361397728e+00 1.845267938308719602e+00 1.694367174727474001e+00 1.852469116664862359e+00 1.226008665763582556e-01 -1.140649071191206287e+00 1.439068519135119795e+00 -2.559220471269658126e-01 1.253396749264101828e-01 1.203439475150874793e+00 1.448008992084546531e-01 1.162003324499724793e-01 6.009252125773315578e-01
6.937271561771123363e-01 7.274233737913608777e-02 7.514574317456077512e-01 3.217719605754114642e+00 1.898199555625321722e+00 3.191344562275623797e+00 3.613873846185594374e+00 3.191758157163842036e+00 1.922138452751811943e+00 3.205944641428255970e+00 1.423210522201816319e+00 2.026975206100978699e+00 3.054559066927428290e+00 1.422888384032213516e+00 2.917533291363880732e+00 -2.331085280315543073e+00 1.280892857217919290e-01 8.426296536484871869e-01 1.241662828149328712e+00 1.655192967284219829e+00 1.605426605363635906e+00 1.247250547582390512e+00 6.009252125773315578e-01
-7.447788850911616354e-01 -7.617999789262243082e-01 -8.362310608135546663e-03 -4.344851862241672080e-01 -4.283412611675511683e-01 -8.307102392086908038e-01 -7.757178125936026181e-01 -8.294804570573197644e-01 -6.874664034220321351e-01 -6.663267053473236334e-01 -6.213602503623329998e-01 -8.487398146112899999e-01 -6.009566433599474733e-01 -6.217617936193279293e-01 -6.050957049140373023e-01 7.310208420588623079e-01 4.320236685041299318e-01 6.876156641046037299e-01 -6.971661118037728588e-01 6.619078592523465199e-01 -8.428259516065005341e-01 -8.680765834425977490e-01 -1.664100588675687664e+00
1.834289029854399233e+00 4.330508271747588456e-01 2.407757816439803911e+00 -7.632847866100235246e-01 -1.093067208822657621e+00 -6.403921886652688134e-01 -6.570802001941647985e-01 -6.405442809333241616e-01 -6.428093909399054118e-01 -6.048620807953303258e-01 -5.000035906001872865e-01 -6.295060458619342603e-01 -8.018256893872636182e-01 -5.004004207231086410e-01 -5.117409993882735542e-01 1.809640036480927860e-01 -1.868766108953799243e+00 -1.102058734303285270e+00 -1.501168623885808406e+00 -1.532332811798579053e+00 1.382633537913110222e-01 -1.282772120411491246e+00 -1.664100588675687664e+00
-1.362313315479178444e+00 -9.893450039819415842e-01 -6.012297716571485262e-01 2.585232022814070163e-01 9.011106341426615707e-01 4.549939244624257029e-01 1.733830866018995498e-01 4.535935748295164549e-01 2.402673065939765207e-01 2.064709632909814685e-01 3.749201373992818165e-01 1.773137247156492124e-01 -6.625009046914790908e-03 3.753278351280224245e-01 -1.473890012031886243e-01 -5.763178271304034705e-01 8.003060279924444353e-01 1.129637526811845927e+00 6.130512900936431198e-01 -5.722744542309585181e-02 -3.605445938913757753e-01 7.466012725431709907e-01 6.009252125773315578e-01
6.220625552603411546e-01 1.221860557724105401e-01 1.011491237605494753e+00 2.190853161472131827e+00 1.233473607970215324e+00 2.235525019546438674e+00 2.141888655303680888e+00 2.234387533371356316e+00 2.060512294245724796e+00 2.185631873865166774e+00 1.615069622397208526e+00 2.409152992164044438e+00 3.129790919372114733e+00 1.615140209667811355e+00 1.273751695865271705e+00 -1.878734287474829401e+00 -1.654060313567918272e-01 9.545593204311274560e-01 1.443230704886497406e+00 1.859420058523755248e+00 2.102304420589833356e+00 1.671235068505847687e+00 6.009252125773315578e-01
-1.618466068938253788e-01 -4.733697980662189830e-01 5.230263224123130605e-01 -7.354632819619896233e-01 -7.607042349951043114e-01 -7.122901188705614839e-01 -6.395042576164703396e-01 -7.124528255775314234e-01 -7.547664081486170629e-01 -7.400842548097157358e-01 -7.265360221561925069e-01 -6.966587317851602457e-01 -6.694176290846133304e-01 -7.261711017300435111e-01 -5.963646892893255114e-01 5.934451048456090838e-01 -9.082834306316330819e-01 8.387242971570304517e-01 -5.320778107903635368e-01 -4.266172598685581963e-01 -3.091727514975324276e-01 -4.828656050418822510e-01 6.009252125773315578e-01
-1.367279051605694962e+00 -1.046093718478240842e+00 -5.418927584692522226e-01 2.077579892548012119e-02 5.687476603151085941e-01 4.475279329104975973e-02 2.017646469378285914e-03 4.611182184567501341e-02 2.692000189063403215e-01 3.637702269403662175e-03 3.876336922315068434e-01 2.217530021648428107e-01 1.927393999315075712e-01 3.872713353178092732e-01 -4.036107289591515657e-01 -3.093708712223069979e-02 1.478549853480735976e+00 1.145133551422438778e+00 6.293748545320064780e-01 4.577731187646632005e-01 -9.420829455050446777e-01 7.390279320630652737e-01 6.009252125773315578e-01
-8.597582479478652617e-01 -7.893083324522579547e-01 -4.240929422325072640e-01 1.194156790412369551e-01 2.363846864875553677e-01 1.504850435929506736e-01 -1.385898941521775674e-01 1.490397386893445031e-01 1.968682381254312774e-01 8.354171418699506135e-02 2.212017017005641906e-01 1.407747632574233854e-01 1.528665181358231373e-01 2.212181552598076750e-01 1.232724831628745077e-01 1.059003187642965638e-01 1.314538343829479317e+00 -1.140521121400329019e+00 2.115663540721603564e+00 -9.079034723920582917e-02 1.998732900847973171e-01 8.023309246759363633e-02 6.009252125773315578e-01
-6.009531096449665100e-01 -6.617714548822989373e-01 7.748512504639765153e-02 -2.776730691170665177e-01 -9.597828733999783091e-02 -6.573093487135730495e-01 -6.526862145497411838e-01 -6.574639384966669553e-01 -1.735962738741818889e-01 -2.114884836625730014e-01 -8.276783656081022900e-02 -4.369358435820949738e-01 -1.894384104875057317e-01 -8.276318828024629981e-02 -5.977079224623580433e-01 8.437394246056773017e-01 -7.330646976116287350e-01 1.254447704224562976e+00 -1.041411840683323264e+00 7.265401925845482722e-01 -3.845210078705223466e-01 -6.399082559359829947e-01 -1.664100588675687664e+00
-8.657056152140527039e-02 -4.416842501158618206e-01 -8.406103629820220746e-01 -5.508296602068548653e-01 -4.283412611675511683e-01 -5.473478083995959587e-01 -4.637448318395255842e-01 -5.460761928713262492e-01 1.981890793396910544e+00 2.302414660513953937e+00 2.165219813318936204e+00 2.105978366010656355e+00 1.654494292931789401e+00 2.165697040997009104e+00 -3.535752932636883061e-01 -2.539131477934417069e-01 -4.664450506326170975e-01 -3.206649753844019179e-01 -3.773475004577298009e-01 -5.445491699842047728e-01 -7.732491431959743755e-01 -4.767015431300809514e-01 6.009252125773315578e-01
-1.735386583189868770e-01 -4.058215077411807536e-01 5.953453561650753345e-01 -3.560791276706167796e-01 -4.283412611675511683e-01 -2.978196976871095303e-01 -3.319252625068168094e-01 -2.979212152756304799e-01 8.906243616153685094e-01 7.412131968933235449e-01 1.057984765203359157e+00 8.488405839479097326e-01 6.411212405018461569e-01 1.058418991143884824e+00 -1.175020631032138579e-01 -7.926489058610813876e-01 -3.976260023893736228e-01 3.370472183188369941e-01 -1.827719710320001301e-01 -1.674922372658844028e+00 -5.800377574646662510e-02 -1.620035115295732076e-01 6.009252125773315578e-01
1.521425082356014924e+00 3.480907678956495777e-01 -3.583086292691300967e-01 -8.492785282494014210e-01 -1.093067208822657621e+00 -7.038315388464094768e-01 -7.932937551712970770e-01 -7.054029682594717965e-01 -5.459477018941663040e-01 -5.987156183401309839e-01 -5.254307002646367852e-01 -3.608953021690302077e-01 -6.460957548267600714e-01 -5.254432437016937074e-01 -6.591608401285983243e-01 1.018231728155224225e+00 -4.612944550070853245e-01 -5.271472640106357188e-01 -1.484913963910888812e+00 -1.694289644618768964e+00 -1.196597320283969978e-01 -1.239599177836390398e+00 -1.664100588675687664e+00
3.117943334644535658e-01 -1.330812766700985861e-01 7.953646359793032916e-01 2.448834386390265294e+00 1.565836581797768412e+00 2.294735079715503723e+00 2.699924832145481179e+00 2.295016306306668419e+00 3.376950704458271613e+00 3.433363752270631064e+00 2.700344893984397032e+00 3.717642828168081337e+00 4.972218985742517638e+00 2.700072355940044577e+00 1.768397311834516206e+00 -2.372924055496675511e+00 6.577635402602312054e-01 1.394091070513083563e+00 2.393274771509450449e+00 2.638095212214961904e+00 2.836688689115615336e+00 3.159531273405321805e+00 6.009252125773315578e-01
-9.040772125553134253e-02 -4.226729213456472678e-01 7.030261900423372401e-01 -4.572482354816495564e-01 -4.283412611675511683e-01 -4.077812380010866766e-01 -4.593508461951019695e-01 -4.078989894373591940e-01 3.261219855208816742e+00 3.132187091965863868e+00 3.413459742301005573e+00 3.259424500691950222e+00 2.626489826517154125e+00 3.413214899530208513e+00 -2.034689861772984165e-01 -5.750872749191930922e-01 6.123002434180002673e-02 -2.382205307512903075e-02 -6.286508130056741583e-01 -1.007906143683766353e-01 -5.654196434884452283e-02 -8.037644623429300861e-01 6.009252125773315578e-01
4.199686109967530612e-02 -3.244579109786233651e-01 -1.019714165219522295e+00 -6.115311248934744981e-01 -7.607042349951043114e-01 -5.262013583392157745e-01 -5.955644011722341924e-01 -5.277465638443714635e-01 5.924916303966646369e-01 2.740820502981741735e-01 6.869801196447993252e-01 6.513326841737157036e-01 4.252058239855927013e-01 6.866293884618167587e-01 -4.748020871298778145e-01 5.372490500900214266e-02 7.445612362495436509e-02 -6.305476278287290570e-02 -4.733032739582493931e-01 -3.527762372802068502e-01 -6.007283276951240758e-01 -4.766647793413425482e-01 6.009252125773315578e-01
2.701724361131067065e-01 -1.181860126497053520e-01 -7.865841763888433702e-01 -3.990759984903056723e-01 -4.283412611675511683e-01 -4.246983980493906907e-01 -3.714711333066295085e-01 -4.234086755370901622e-01 9.918888547086412988e-01 7.043344221621274936e-01 8.788392198401917543e-01 8.676038344264581648e-01 1.540141877215864152e+00 8.792664882970855356e-01 -3.304045210288764078e-01 1.150064051272486620e-01 1.223541205053353842e+00 -6.423373660292602816e-01 1.390483852877610449e+00 6.278304318187728494e-01 1.491627295116896512e+00 1.053725963663572962e+00 6.009252125773315578e-01
1.051463301036927867e+00 3.721656713704709074e-01 1.073297894436202604e+00 -8.745708052021595735e-01 -1.093067208822657621e+00 -9.322131994985156656e-01 -8.723854967709222530e-01 -9.309984024373770817e-01 -7.044486476053735124e-02 -2.114884836625730014e-01 8.538602688804020069e-03 -1.021599534648356122e-01 -1.450516175451399825e-01 8.932071241341580162e-03 -4.079762367715074056e-01 -3.250390656013670831e-01 2.620006518306854104e-02 -1.527760506351278913e+00 -3.580464868102762876e-01 7.679988144398701422e-02 5.706482158009351657e-01 -4.893482864560827483e-01 6.009252125773315578e-01
-9.799064906817158693e-01 -7.279239509728681057e-01 -2.042072370084085653e-01 -6.191188079793018550e-01 -4.283412611675511683e-01 -6.530800587014969905e-01 -6.219283150387758807e-01 -6.518240526422194314e-01 -8.906243616153681764e-01 -8.199882667273069581e-01 -9.287971217597685847e-01 -8.645404465932254867e-01 -7.965594597161355095e-01 -9.288253307567462258e-01 -6.141625288320070597e-01 1.091572639943326539e+00 -8.028685633740941796e-01 7.346770012745780232e-01 -5.432810942550758693e-01 5.394966684276750191e-02 -4.665638190329933765e-01 -4.820077833046536031e-01 -1.664100588675687664e+00
1.010157405075449821e+00 1.952156402444882310e-01 -5.545250949784984451e-01 5.365575896406573481e-02 -4.283412611675511683e-01 2.139243937740914758e-01 2.398757469149644800e-02 2.124884545518802292e-01 -3.069383393137709581e-01 -3.405641952217591251e-01 -3.185464898129789502e-01 -2.196771538304811977e-01 -2.609086703099592897e-01 -3.185509984786151216e-01 -5.238300979455666750e-01 3.047575560957962448e-01 -5.784384989185594739e-01 2.180771611639856777e-01 4.904906298206326287e-01 5.495961520351523300e-01 5.013421132047828355e-01 4.020878082758391758e-01 6.009252125773315578e-01
-9.919371150245944735e-01 3.909210144306052737e+00 -1.755987102080562579e-01 -1.689162782202064117e-01 2.363846864875553677e-01 -2.216924774697407730e-01 -1.116431046389261030e-02 -2.203727847769754999e-01 -2.050448742137076230e-01 -2.237814085729716851e-01 -1.093507239372803475e-01 -2.828796817582233669e-01 -1.826675437674838698e-01 -1.089618338578428464e-01 -5.510305696994762803e-01 5.358552613609920412e-01 1.409017616468720147e-01 1.322845186262994188e+00 3.635424050514379224e-01 1.211645499101197565e+00 -1.183132937914791682e+00 3.155826133744377149e-01 6.009252125773315578e-01
-6.684871209655907087e-01 -7.191925957981233353e-01 -4.995285797335379668e-02 -3.839006323186509584e-01 -9.597828733999783091e-02 -8.011052091241583906e-01 -7.142020135716719009e-01 -8.012810277850815899e-01 -4.660682570317709050e-01 -4.757863692361443686e-01 -3.751795977019803385e-01 -6.936961132885475223e-01 -4.399604791283157068e-01 -3.751863058301840859e-01 -6.010660053949394843e-01 7.455413581511378673e-01 1.249181733098961855e-01 8.002619100599868140e-01 -8.981099664283452855e-01 1.017946393572846775e+00 1.789125388777819126e-01 -1.148449490957707431e+00 -1.664100588675687664e+00
8.319326211892048573e-01 1.997698009949094022e-01 1.174378441763650693e+00 6.341315809419749705e+00 3.892377398590641135e+00 6.257579821030753386e+00 7.146638304302185496e+00 6.259856061983354536e+00 5.745030310024558773e+00 6.389812193221510839e+00 4.830443217238058473e+00 6.200317128329703387e+00 8.711242052243497014e+00 4.831023954317785751e+00 6.531166335114755306e+00 -3.337184768200655238e+00 1.290567885411612936e+00 9.428432509567594710e-01 3.231421871441363169e+00 3.109545800421989803e+00 1.931372648219361166e+00 4.015318747657263820e+00 6.009252125773315578e-01
-7.031906147098780646e-02 -4.229785697181587811e-01 -8.572203556239379463e-01 -7.734016973911268522e-01 -7.607042349951043114e-01 -8.433981092449187589e-01 -8.020817264601443064e-01 -8.421702002298269152e-01 -5.950075184238263759e-01 -6.417408555265263770e-01 -4.664860369515946292e-01 -6.808580998032248699e-01 -7.168136961247665306e-01 -4.668815653517719433e-01 -5.557318858050901422e-01 7.189614303890066171e-01 -1.972451817532436535e-01 -1.104656333804482138e+00 -3.312950567422925929e-01 -1.470055691882793947e-01 -6.500861188300223192e-01 -3.628440894073271528e-01 6.009252125773315578e-01
-8.051577220840321347e-01 -7.812188388597873789e-01 -3.245422626483933093e-01 -2.726146137265149094e-01 -9.597828733999783091e-02 -2.174631874576647139e-01 -4.110170041064419855e-01 -2.161428703861397183e-01 -8.566598732486803147e-01 -8.445741165481043256e-01 -8.837217909909717006e-01 -8.309641036316124385e-01 -7.559342593960042267e-01 -8.833629751956227905e-01 -2.195877842536892999e-01 4.794959700875845443e-01 -2.723966066450855816e-01 1.496796791255546322e-01 -3.606017748700988679e-01 -1.473090073729375338e-01 4.709229008435237285e-01 -3.650131529428915500e-01 6.009252125773315578e-01
-9.172705009040650337e-01 -7.038388592189629422e-01 -1.585953230035686279e-01 4.859730357351408486e-02 2.363846864875553677e-01 1.335678835446466595e-01 -1.116431046389261030e-02 1.349400240532252770e-01 3.138570313884669893e-01 3.847183744917622716e-01 2.038650360202575729e-01 5.979652435000360616e-02 5.508430175682209606e-01 2.042660904743039130e-01 1.833821676560820624e-01 -6.430137569779725837e-01 8.172251929726808140e-01 -5.610235444021161033e-01 4.665303157648214571e-01 1.547834949011507866e-01 2.088309454824479605e-01 4.726865372497692230e-01 6.009252125773315578e-01
7.171564020831311392e-01 -2.544210815063681005e-02 1.266651321940187813e+00 -7.177586880950588277e-01 -7.607042349951043114e-01 -6.446214786773448724e-01 -6.570802001941647985e-01 -6.447741953241598045e-01 -6.987878995442613483e-01 -6.847660927129216590e-01 -7.380937992763967337e-01 -6.502443753382246561e-01 -6.265354731911413344e-01 -7.377293277201597554e-01 -6.712499386858913342e-01 1.060562724220839748e+00 -9.653831503961328719e-01 7.637701156879906916e-01 -2.357497985662340700e-01 6.873043160117849881e-01 4.542750180973115920e-02 -4.781475854871238829e-01 6.009252125773315578e-01
-9.724804580197888848e-01 -5.704946625712855601e-01 -1.765384861075331990e-01 -2.523807921643083096e-01 -9.597828733999783091e-02 -2.132338974455886826e-01 -1.869237362408373293e-01 -2.133229274589160118e-01 7.704907083183801797e-01 5.383799358717453742e-01 1.092658096563971837e+00 5.624541292753281185e-01 3.800667125187801032e-01 1.092323120714892459e+00 -4.563326310006799447e-01 3.369980240294924156e-01 -5.201414219355430385e-02 1.330817129559773493e+00 -1.187725586670481358e-02 1.667238143918696069e+00 -9.686933270580552202e-01 -7.096411601710513051e-02 6.009252125773315578e-01
-8.098751714042228267e-01 -6.633710146984421741e-01 -8.415632966361458189e-02 -4.926574232155110922e-01 -4.283412611675511683e-01 -5.938699985324323860e-01 -4.901087457060672170e-01 -5.940152226341310904e-01 -6.717421032522692403e-01 -6.786196302577223172e-01 -5.705060310334336693e-01 -7.272724562501605705e-01 -6.423341622045257715e-01 -5.709055992628170317e-01 -6.118118707792000732e-01 9.207719930274098630e-01 1.117174983973887731e-02 8.468037273297226442e-01 -2.726333140807297648e-02 1.507563693965718432e+00 -4.351294598678299708e-01 -1.412809892773746467e-01 6.009252125773315578e-01
-6.578218437357973014e-02 -2.953805624736972057e-01 -1.014862298947804442e+00 3.596923100924397376e-01 2.363846864875553677e-01 1.843193636895590903e-01 4.414162109117403809e-01 1.842890252796419992e-01 1.725270214626380971e+00 1.718500727270017681e+00 1.159693203861157151e+00 1.886744597261300838e+00 2.684418352899564209e+00 1.159746105657236459e+00 3.009150702964321633e-01 -1.161814569224014049e+00 1.679098093095132915e+00 6.766719280498266487e-02 1.761089906208696210e+00 1.887573844874218754e+00 2.012013203263372407e+00 2.177889095705668687e+00 6.009252125773315578e-01
-1.445850540043894128e+00 -9.062493997751525088e-01 -6.287018252767383464e-01 -1.512116843532755328e-01 5.687476603151085941e-01 -1.667117073127522831e-01 1.959358904707281593e-02 -1.653838976961111429e-01 -1.383738414939118810e-02 -8.241277210338707193e-02 -5.040606062423816369e-02 -2.019417505854489980e-02 1.143063553981030385e-02 -5.040015550792115162e-02 -3.770818737917582819e-01 -1.443940009957716264e-01 8.722567959468136012e-01 1.376373650466983678e+00 7.797787409486929278e-01 1.962720970953055311e+00 7.490785392295790102e-01 9.340720859164016732e-01 6.009252125773315578e-01
3.355510968459743393e-02 -4.233657243233400758e-01 7.550198380622287209e-01 -5.837096202454404859e-01 -7.607042349951043114e-01 -5.050549082788354793e-01 -5.911704155278105777e-01 -5.065969918901928049e-01 3.132280593816762493e-01 1.265669513733900797e-01 3.991914693517111257e-01 2.444664106388752534e-01 2.800083487673453719e-01 3.992148355075958444e-01 -4.183862938625098615e-01 -7.572918761026618817e-02 -4.681290885904872967e-01 -1.797138521056234617e-01 -4.690826329509694692e-01 -4.520928744152989398e-01 -5.797129104874195610e-02 -4.263719163472426965e-01 6.009252125773315578e-01
-2.434652515914773607e-01 -6.838570448850057881e-02 -7.522932836846777382e-01 3.369292608349572227e-01 2.363846864875553677e-01 3.957838642933609319e-01 3.974763544675040672e-01 3.957847448214283914e-01 -2.591364667976918112e-01 -1.807561713865763198e-01 -2.688480481961002533e-01 -1.643749418937068274e-01 -1.916953660608465559e-01 -2.684653525214452108e-01 -1.309343948335396079e-01 -7.736984018084513970e-01 1.405318822751377095e+00 3.557141057688224528e-01 1.644512070566412076e-01 -1.145752564544000540e+00 -1.623709357867386460e+00 2.819437466788227153e-01 6.009252125773315578e-01
-7.113504523485668640e-01 -7.106548179259691844e-01 5.324764894128641846e-02 -4.268975031383398511e-01 -4.283412611675511683e-01 -7.588123090033980223e-01 -7.229899848605191304e-01 -7.603918553403362646e-01 -3.710934840064034068e-01 -4.020288197737523217e-01 -2.619133819239777283e-01 -6.295060458619342603e-01 -3.865458638925875490e-01 -2.615304169273755530e-01 -5.993869639286488749e-01 7.713829545865432680e-01 5.742904073309618163e-01 1.079226182009293655e+00 -8.605715911325131362e-01 5.237907133746527721e-01 -1.422734654217635786e+00 -1.178252669028285293e+00 -1.664100588675687664e+00
-8.828263494083191665e-01 1.297050057361930908e-01 -3.399720716025941281e-01 -1.739747336107580478e-01 2.363846864875553677e-01 -2.555267975663491620e-01 6.353344549130894581e-02 -2.556220713672732181e-01 -6.157635946479133038e-01 -6.110085432505296676e-01 -7.600535758047851642e-01 -5.110013059974176652e-01 -3.331312486568593911e-01 -7.604605055007214176e-01 -3.643211586479488395e-01 2.074610574858007719e-02 1.664562186511414854e+00 -1.060067194780476507e+00 5.481918097996651973e-01 -1.059094846139153751e-01 -6.641790635263568054e-01 6.457582000338027983e-01 -1.664100588675687664e+00
-8.867086521981409897e-01 -6.821072599333962705e-01 -8.070319961437415202e-02 1.004645372387773294e+00 1.565836581797768412e+00 7.679613853560527392e-01 1.610216392328423396e+00 7.666072397513600256e-01 1.709545914456618076e+00 1.564839165890034245e+00 1.683260507406414197e+00 2.314349200272431517e+00 1.183542896628044350e+00 1.682948468809825959e+00 -3.058905156210319776e-01 -3.338990415220778329e-01 -5.894192142578866811e-01 1.854958965463498366e+00 1.597638814066126400e+00 1.574597146846085538e+00 1.077169096972961787e-01 2.074288739040921481e+00 6.009252125773315578e-01
-9.344022905405467982e-01 -8.726688319152238194e-01 -6.209432102926855102e-01 -6.899371834470249265e-01 -4.283412611675511683e-01 -7.376658589430178381e-01 -6.482922289053175691e-01 -7.364223404589338440e-01 -9.994365187901271819e-01 -9.613569031968917100e-01 -1.052465336945955121e+00 -9.287305140198385267e-01 -8.304137933162449858e-01 -1.052113074651318092e+00 -5.241659062388248636e-01 6.827831953794387676e-01 5.956510993228898432e-01 -1.013202916883006566e+00 -9.185561528485264304e-01 -8.588847433610251603e-01 -1.222975419674426245e+00 -9.550229438088594369e-01 -1.664100588675687664e+00
-8.793051910640619084e-01 -6.149155593762879457e-01 -3.307928651425879885e-01 -6.241772633698535744e-01 -4.283412611675511683e-01 -6.107871585807365111e-01 -4.988967169949144465e-01 -6.109348801974739951e-01 -7.025617315850043454e-01 -7.216448674441177102e-01 -6.779933582513342216e-01 -5.919795449048375069e-01 -6.626467623645914129e-01 -6.780118267712265112e-01 -5.621122433769949467e-01 8.476771916815490915e-01 -1.057079509610906909e+00 7.307716447831213991e-01 -2.414873082546769856e-01 1.913280067056412626e-01 -1.334083914126284132e+00 -4.484056803977766736e-01 -1.664100588675687664e+00
3.339595738109952250e-01 2.500466607121531570e+00 -7.873709655139867758e-01 -1.132732689241382623e-01 -4.283412611675511683e-01 -3.231954377595658290e-01 -3.099553342846988468e-01 -3.247106730842567179e-01 -6.597916351232493426e-01 -5.372509937881377873e-01 -8.213097945418681434e-01 -6.818456393020958517e-01 -4.113723751993345057e-01 -8.217191032483367463e-01 -1.551125919481258220e-01 9.079742500308283226e-01 -7.958903273177407589e-02 -7.106094467124615122e-01 1.131482650131978573e+00 2.075494431929512107e+00 1.651646916109933194e+00 1.018003815606116635e+00 6.009252125773315578e-01
-8.964028930870625300e-02 -4.837618427316096037e-01 3.889880528427475670e-01 -1.076909020824224905e+00 -1.093067208822657621e+00 -1.037945449800416808e+00 -1.034962965614596220e+00 -1.038156233671882145e+00 -1.100701011883399749e+00 -1.041260915114482932e+00 -1.170354663572039433e+00 -1.071923741356129334e+00 -9.071502828098264581e-01 -1.170777528149843594e+00 -6.803167626038612026e-01 1.950990304252233853e+00 -1.806653668016458436e+00 -7.098391241017631970e-01 -9.466342364591516789e-01 -7.138676770234944069e-01 -1.864888764230216989e-01 -1.036479245056856957e+00 6.009252125773315578e-01
-8.821266320450371623e-01 -7.429720391795169299e-01 -1.509241290334207009e-01 4.760367840751272839e-01 9.011106341426615707e-01 5.744066332727791602e-02 7.094493352215813786e-01 5.880156501818240011e-02 -8.113738887597610194e-02 1.593062717980233897e-02 -8.507939198485120480e-02 -3.599480704048048374e-02 -4.649789084259920574e-02 -8.468955927859904420e-02 -4.962938178983989368e-01 1.482313148299129746e-01 4.454270349407438712e-01 1.751001241977637513e+00 1.248988051953179079e+00 6.311154799918118341e-01 -1.458429922901053333e+00 1.550061620824156661e+00 6.009252125773315578e-01
-3.777658422859000997e-01 3.889332811813722035e+00 -1.068757354020126282e+00 6.098509950673271618e+00 5.886555241555960549e+00 6.485961481682860352e+00 5.696623041642390639e+00 6.488271439088483028e+00 4.179518985122967933e+00 4.103328159887358773e+00 4.719488556884096297e+00 3.301888699143402217e+00 2.877011895157964183e+00 4.720064984812671227e+00 7.947269907784343168e+00 -2.833150582489131430e+00 1.000007324540310272e+00 -1.330540003532763471e+00 2.420624020584213554e+00 7.367647401110757333e-01 8.802111427707162150e-01 3.003174879901003624e+00 6.009252125773315578e-01
-1.386430762662843874e-01 -4.218374824607826201e-01 6.496993715603971431e-01 -6.671741341895424116e-01 -7.607042349951043114e-01 -6.192457386048886292e-01 -5.867764298833869629e-01 -6.208046804427573839e-01 -3.956233922712333317e-01 -3.958823573185529798e-01 -3.613102651577351221e-01 -3.164560247198364151e-01 -4.008399158570781773e-01 -3.617017088417154302e-01 -5.604332019107042262e-01 2.479060439379041914e-01 -1.627338094116490108e+00 7.432759513475067914e-01 -4.982884205971113700e-01 -1.390521635846785342e+00 -4.243093484672822990e-01 -5.311242050591251651e-01 6.009252125773315578e-01
-1.024575544292516183e+00 -8.092264180609231028e-01 -1.800353266637259309e-01 -3.484914445847894227e-01 -9.597828733999783091e-02 -3.993226579769345586e-01 -2.264696070406500283e-01 -4.008491321192997336e-01 -3.616589039045456366e-01 -4.020288197737523217e-01 -2.122149403070988649e-01 -4.566866335595142767e-01 -4.234094715904845874e-01 -2.122153193695469064e-01 -6.191996532308792212e-01 9.399686075222821735e-01 -6.434364551872214788e-01 1.803096547836137375e+00 3.616984827902672839e-01 4.719951345499490136e-01 -1.591376255398499806e+00 4.048328378349713708e-01 6.009252125773315578e-01
-6.326886777989763067e-01 -6.731313860606422672e-01 -6.306601005907667978e-02 1.318811583965253872e-02 2.363846864875553677e-01 2.459893170289422209e-03 -5.949815255255237745e-02 9.927350100940829196e-04 2.899560951304270828e-01 4.707688488645530023e-01 -1.243758341935459893e-01 -1.130631956870617634e-02 6.817464408219777727e-01 -1.247580760443348924e-01 1.340183485471350966e-01 -5.782867106683389213e-01 1.576942971826220230e+00 -7.134399344448008051e-01 2.574421476582778867e-01 2.559471470732925802e-01 -7.112764611112272206e-01 2.074603106948706976e-01 6.009252125773315578e-01
-1.991683978684567757e-02 -4.185874214330772558e-01 6.357557198425781708e-01 -1.092084386995879841e+00 -1.093067208822657621e+00 -1.067550479884948889e+00 -1.052538908192290679e+00 -1.067765634407732200e+00 -1.075542131611779473e+00 -1.016675065293685565e+00 -1.092917556866670248e+00 -1.016621529419355241e+00 -9.560509868988734672e-01 -1.092566865616724670e+00 -6.819958040701520341e-01 1.906198203764197574e+00 -1.582095577283424870e+00 -6.764465346518832023e-01 -1.181540227678286703e+00 -3.990307709937607195e-01 -6.384295264630572841e-01 -1.138535522594591898e+00 6.009252125773315578e-01
1.316565895609362657e+00 5.649992295879671111e-01 -8.105156789452878652e-01 -8.292253658082858470e-02 -4.283412611675511683e-01 -1.075016471436877480e-01 -6.389213819697600605e-02 -1.075750676880228157e-01 -5.597850860435577003e-01 -4.450540569601476593e-01 -5.104055900083711572e-01 -4.942131345166111966e-01 -6.212692435200132257e-01 -5.104175499145428008e-01 7.166457373500128014e-01 -1.948466416553728819e-01 -3.153051059575944226e-01 -9.195997624433004392e-01 3.850064127927884522e-02 -3.183294068392231169e-01 5.135671877819344422e-01 -6.266978011826596084e-01 -1.664100588675687664e+00
-8.732108785451554445e-01 -7.631550200443586451e-01 -1.017716639654357574e-01 3.849845870451977792e-01 5.687476603151085941e-01 -9.058448709538353960e-02 6.039936797554141812e-01 -8.924543866106803003e-02 -3.025355352662373321e-01 -2.545137208489683944e-01 -3.220138229490402959e-01 -1.999263638530617282e-01 -1.886860919630589106e-01 -3.216331920759792906e-01 -5.315536886905040115e-01 2.008989494696910294e-01 3.516724071107958927e-01 1.828463450551282454e+00 1.121364369345155154e+00 9.924839719906568547e-01 -9.316932563493525166e-01 1.406278443068363915e+00 6.009252125773315578e-01
1.644823625099948394e+00 3.035883648579772998e-01 2.372942397652209046e+00 -7.683432420005752439e-01 -1.093067208822657621e+00 -6.150164485928125702e-01 -7.757178125936026181e-01 -6.137548231246978681e-01 -7.107383676732811351e-01 -7.216448674441177102e-01 -6.768375805393138656e-01 -5.791415314195148545e-01 -7.672190372627073485e-01 -6.764707299725443157e-01 -6.423704254656911194e-01 9.754085112051233963e-01 -2.346323820375001645e+00 -5.803174386282528019e-01 -1.438155006823802706e+00 -2.587229064280621937e+00 3.585799878781181782e-01 -1.301129505588187518e+00 -1.664100588675687664e+00
-4.767981903964199630e-02 -3.981904867074773646e-01 -1.076953074073703220e+00 6.075566242294696551e-01 2.363846864875553677e-01 4.549939244624257029e-01 5.205079525113653904e-01 4.564135177567404389e-01 6.516149990349732191e-01 4.031577618573602972e-01 2.304479233967277052e-01 7.125601331037157982e-01 1.396449039046510965e+00 2.300794618522300494e-01 5.396747668029716616e-01 -1.098810296010073628e+00 1.627956519321926976e+00 -2.078574991151506401e-01 1.619046751518317118e+00 6.302051654378373335e-01 1.012296630778452444e+00 2.030368266094807250e+00 6.009252125773315578e-01
-6.843549050425953295e-01 -6.495353317027555695e-01 2.813596269712684630e-02 6.869924397732396493e+00 7.216007136866172900e+00 7.712455585184912366e+00 5.230860563333486368e+00 7.714946612430842343e+00 4.027936731486454036e+00 3.863616124134584773e+00 4.496423458464152922e+00 3.090555246385015220e+00 3.007162999887274424e+00 4.496605949003759761e+00 9.811677551953552623e+00 -3.232341719805582159e+00 1.738000028919809647e+00 -1.054155416605336182e+00 2.002289495250826334e+00 6.027242202794425019e-01 1.692723816383115309e+00 2.098626367185727037e+00 6.009252125773315578e-01
-2.805051287897210033e-01 -4.340837939194094330e-01 -1.076362982229845500e+00 1.267685052696458481e+00 1.233473607970215324e+00 1.381208437107078746e+00 5.952057084665669517e-01 1.381354797886152008e+00 1.641616937723242575e+00 1.325127130137260023e+00 1.946777825747073587e+00 7.510741735596835333e-01 8.976618573382312283e-01 1.946476021384473398e+00 8.791769512869540559e-01 -4.092088368481154315e-01 1.813777616869027554e-01 2.822289116039067292e-01 -1.028932586780874209e-01 -8.309156585142668527e-01 -6.693657869297717777e-01 -1.731429395173013641e-01 6.009252125773315578e-01
1.027086050961301344e+00 5.851949977826813309e-02 1.762612589075708280e+00 -1.016207556137605383e+00 -1.093067208822657621e+00 -9.110667494381355924e-01 -9.514772383705474290e-01 -9.126687734104222960e-01 -9.937757707290125753e-01 -9.552104407416923681e-01 -1.018947783297362575e+00 -8.902164735638709026e-01 -9.342337496899139060e-01 -1.018979493479652110e+00 -7.149050168094499558e-01 2.394973542056720639e+00 -1.482816123170640266e+00 4.845371265489050727e-01 -1.954516321502624221e+00 -5.885740926887481628e-01 2.200868932441393533e-01 -1.741363621134007333e+00 -1.664100588675687664e+00
2.893130917280425374e-01 2.787493404518773810e-01 -8.623126296838937721e-01 2.989908454058199383e-01 -9.597828733999783091e-02 -1.540238372765241337e-01 2.436868569126774964e-01 -1.526941545236039921e-01 3.478215197551546845e-01 5.260870109613466905e-01 -3.075783951989076795e-02 2.286657786569396833e-01 9.262499612672124849e-01 -3.113644552439426977e-02 2.199852716212196690e-01 -3.998566400429210965e-01 1.342103386192507131e+00 -1.975479173481837991e+00 2.749052778404522446e+00 2.896255142536358740e+00 1.737119569940528407e+00 2.831782096802689885e+00 6.009252125773315578e-01
1.200435384832421404e+00 3.328796672236613574e-01 -1.241295882715933857e-01 -8.037524297344366131e-01 -1.093067208822657621e+00 -7.334365689309417791e-01 -7.888997695268734622e-01 -7.321924260680980900e-01 -5.742514421997393370e-01 -5.679833060641342746e-01 -5.693502533214133132e-01 -3.984218031261271276e-01 -6.144983767999911972e-01 -5.693645024641348362e-01 -4.677501129714567996e-01 8.745032298859217734e-01 -1.507082026844274170e+00 -6.595352661751217038e-01 -1.239096805332627227e+00 -1.949942911675598411e+00 2.572466803833224347e-01 -1.203313318351612260e+00 -1.664100588675687664e+00
9.766161146936160886e-01 4.779124190311501846e-02 1.683562137252274882e+00 -9.074507652407453051e-01 -1.093067208822657621e+00 -7.884173390879302135e-01 -8.504155685488041794e-01 -7.885912846125744391e-01 -1.106361759944514578e+00 -1.065846764935280300e+00 -1.113721555683037989e+00 -1.007733673929516405e+00 -1.080935861957055044e+00 -1.113371672398933754e+00 -7.041591514251893669e-01 2.200054071801092359e+00 -6.143350974942067833e-01 4.723194516536176613e-01 -1.862225100874831396e+00 -5.472009558588267764e-01 -7.110274117620027923e-01 -1.607898813417452333e+00 -1.664100588675687664e+00
1.099314940074267666e+00 1.678906757419615370e-01 1.629579661166048687e+00 6.100858519247458478e-01 -9.597828733999783091e-02 7.679613853560527392e-01 6.742974500661923498e-01 7.680172112149721286e-01 -2.490729146890435786e-01 -3.221248078561610995e-01 -2.203053842912419957e-01 -1.762254158801585258e-01 -3.248557448879435539e-01 -2.203060775626282664e-01 -3.183154224715832870e-01 -1.712200392001451688e-01 3.995796592660227908e-02 1.145672996610889033e-01 8.612005250895846675e-01 -3.617147400072530383e-02 2.974009986672939906e-02 8.386455449478210644e-01 6.009252125773315578e-01
-4.286646375826936861e-01 -3.893368721837279778e-01 -1.072101207801985367e+00 8.174825229373627877e-01 9.011106341426615707e-01 7.891078354164328124e-01 5.776297658888723818e-01 7.877568117055387953e-01 2.119635662884034322e-01 2.802285127533735154e-01 1.969303697481348536e-01 9.633548580822977325e-02 3.040825415496455353e-01 1.969458806805638729e-01 1.326751153741024813e-01 -4.975624856129777784e-01 3.263092358358929412e-02 2.396461942635849385e-01 4.261920900882117391e-01 -1.205272893357115654e-01 -2.008768904570246983e-01 3.252147260238926196e-01 6.009252125773315578e-01
2.466529040956969010e-01 -5.965434931375580840e-02 -7.768804438454083305e-01 9.665262978375464831e-02 -9.597828733999783091e-02 2.012365237378632987e-01 8.550337371342710269e-02 2.012086828429849317e-01 5.220467656361296727e-02 -3.324107246179236475e-02 9.175459795427534648e-02 1.950894356953266628e-01 7.688234716668854163e-02 9.176602417050706839e-02 -1.571274417076747310e-01 -9.033986048699619298e-01 8.897766996137764783e-01 3.811168374426019412e-01 -5.971345174847382531e-02 -1.307405959179532395e+00 -1.000574350816936464e+00 -3.889383764099440394e-02 6.009252125773315578e-01
-8.056542956966838975e-01 -6.884953109188863829e-01 -5.215154107562217436e-03 -6.747618172753698795e-01 -4.283412611675511683e-01 -6.996022488343334178e-01 -5.692004873056923930e-01 -6.983531109414122806e-01 -7.333813599177395615e-01 -7.523771797201141975e-01 -7.958826848774185336e-01 -7.154219822637088999e-01 -6.378202510578445672e-01 -7.959057318704109152e-01 -5.564035023916065192e-01 7.101014544682958674e-01 9.968362121284155553e-01 8.674591219840727119e-01 1.255861782181666719e-01 5.657971125029915838e-01 -1.383246797074831891e+00 1.476333718212850532e-01 6.009252125773315578e-01
4.709236047914585055e-01 1.066896832860783489e-01 -6.796464211297723601e-01 -3.535498999753410865e-01 -4.283412611675511683e-01 -4.712205881822272846e-01 -4.857147600616435468e-01 -4.699377338362832335e-01 -1.009500070898775137e+00 -8.937458161896990605e-01 -1.079048224322425309e+00 -1.018596608417096983e+00 -8.236429265962230684e-01 -1.078696994428585354e+00 -3.703657079265954000e-01 1.271233262779953854e+00 -9.329334131377632344e-01 -1.066050630872889426e+00 1.021649905888048826e+00 8.815839119803505763e-01 7.849957866807839579e-01 4.301385790832207290e-01 6.009252125773315578e-01
2.350703015484263414e+00 6.122932210945776221e-01 2.671681857418455319e+00 -6.595864511037150546e-01 -1.093067208822657621e+00 -4.881377482305312987e-01 -6.395042576164703396e-01 -4.868573913996261382e-01 -4.679551730521426256e-01 -4.020288197737523217e-01 -3.254811560851014751e-01 -4.260729090945142294e-01 -6.257831546666944300e-01 -3.258712082723554393e-01 -4.546535895343892242e-01 -2.258565573778595348e-01 -5.301430477759058180e-01 -1.569877447229317546e+00 -1.702431768207184115e+00 -7.174561633811915584e-01 -1.310204954240312247e+00 -1.521062744417405632e+00 -1.664100588675687664e+00
-1.526453465988395264e+00 -9.432430411281259586e-01 -6.772204879939134337e-01 -2.397346536879292889e-01 5.687476603151085941e-01 -2.809025376388052941e-01 -6.770324819468978225e-03 -2.795915862486756942e-01 -3.968813362848143123e-01 -4.020288197737523217e-01 -4.491493712712881781e-01 -3.154684852209654888e-01 -2.308159293320841132e-01 -4.491589521669271945e-01 -3.686866664603046795e-01 -2.172426918993910772e-01 1.145514113005383194e+00 1.083221110897341966e+00 4.987882799959010294e-01 2.324683146356666619e+00 1.124786249721426851e-01 6.131119556341235732e-01 6.009252125773315578e-01
9.280421867651457157e-01 2.113870382011333315e-02 1.682775348127131476e+00 -7.860478358675059285e-01 -1.093067208822657621e+00 -6.530800587014969905e-01 -7.185959992160955156e-01 -6.532340241058312014e-01 -1.054157083380901971e+00 -1.016675065293685565e+00 -1.045530670673832541e+00 -9.692196334735484475e-01 -1.050843120979179979e+00 -1.045563413256919150e+00 -6.464001249847888264e-01 1.175004079863348982e+00 -7.148849662067877642e-01 4.599942898824174731e-01 -1.537804447759067106e+00 -4.913683298817136391e-01 -1.683508272262706829e+00 -1.398737364688578788e+00 -1.664100588675687664e+00
-1.246035859449518279e-01 -4.215929637627733872e-01 6.486066088865866108e-01 -5.154204724729933851e-01 -4.283412611675511683e-01 -4.839084582184552397e-01 -4.329869323285601701e-01 -4.826274770087903843e-01 -1.402607575142844343e-01 -1.561703215657791188e-01 -1.694511649623429150e-01 -8.635932148290002830e-02 -3.822238707368363908e-02 -1.690646090064466256e-01 -5.550602692185738762e-01 2.786698492181485798e-01 -1.402612584405188878e+00 7.816129370893205586e-01 -4.830285081578236661e-01 -4.166037997748370247e-01 -2.748662036418559884e-01 -6.814023188253646168e-01 6.009252125773315578e-01
5.039006069770969320e-01 2.424839011483105988e+00 -7.211276922276093071e-01 -3.484914445847894227e-01 -4.283412611675511683e-01 -6.911436688101812997e-01 -6.043523724610813108e-01 -6.898932821597408838e-01 -9.403131501518188218e-01 -8.199882667273069581e-01 -9.831186742247289834e-01 -9.060171055458062783e-01 -7.882839559472198943e-01 -9.831489929102920078e-01 -4.727872373703289610e-01 7.430802537287179987e-01 -2.402718591680592930e-01 -1.082943984870333720e+00 8.254856918615107730e-01 2.351781495543101119e+00 1.220932308975001046e+00 6.404642144554759664e-01 6.009252125773315578e-01
